[array([-0.39483809,  0.36086112, -0.7141468 , -0.4684666 ,  0.79183448,
        0.63623237, -0.38386677, -0.62181202, -0.69820164,  0.23919504,
        0.58980367,  0.93551862,  0.47121704, -0.0081482 , -1.21041232,
       -0.36923012, -0.85498099, -0.92350754,  1.08701102,  0.62791903,
        0.97238969, -0.92358108,  0.99043156, -0.65597155, -0.37745274,
        0.75856578,  0.0418704 , -1.1222919 , -0.24002335,  0.40600376,
        0.06458711,  0.55272052,  2.19439442,  1.64414349,  1.01159941,
       -0.10473055, -0.86858257, -0.60520181, -0.87714321, -0.62133644,
        0.40325   ,  0.05652113,  0.52055642,  1.22101064, -0.12184502,
        1.69907892, -0.11649101, -0.43255017,  1.40894052, -4.97084369,
        0.97984532]), array([ 0.27529631,  0.69698139, -1.4883524 ,  0.44075902,  0.56276532,
        0.65793717,  0.14220925,  0.350092  , -0.63079448, -0.73490614,
       -1.66082891,  0.07171097,  0.89832634, -0.61643674, -0.76429475,
       -0.65582013, -0.3660849 ,  1.57909783,  0.57794958, -0.19920728,
        0.24357841, -0.58126621, -0.04081019,  0.42360002,  0.08927119,
        0.73232057,  0.07453134,  0.22683091,  1.06775226,  0.89450404,
        1.52908897,  0.3211789 ,  1.49947689,  0.54577843,  1.43420308,
       -1.34682508,  1.05715597, -1.18326903, -0.58485519, -0.03466476,
        0.79978163, -0.52540381, -0.14183295, -0.99946307, -1.36022925,
        0.50589895,  0.93578675, -0.88086286,  0.1288228 , -2.96647813,
        0.97272735]), array([-0.39483809,  0.36086112, -0.7141468 , -0.4684666 ,  0.79183448,
        0.63623237, -0.38386677, -0.62181202, -0.69820164,  0.23919504,
        0.58980367,  0.93551862,  0.47121704, -0.0081482 , -1.21041232,
       -0.36923012, -0.85498099, -0.92350754,  1.08701102,  0.62791903,
        0.97238969, -0.92358108,  0.99043156, -0.65597155, -0.37745274,
        0.75856578,  0.0418704 , -1.1222919 , -0.24002335,  0.40600376,
        0.06458711,  0.55272052,  2.19439442,  1.64414349,  1.01159941,
       -0.10473055, -0.86858257, -0.60520181, -0.87714321, -0.62133644,
        0.40325   ,  0.05652113,  0.52055642,  1.22101064, -0.12184502,
        1.69907892, -0.11649101, -0.43255017,  1.40894052, -4.97084369,
        0.97967045]), array([-0.95946105, -0.31971446,  0.18920047,  0.67312011,  1.2368431 ,
        0.93921269, -0.35868103, -0.9224796 , -2.36577111, -0.29040074,
       -0.6079874 , -0.51048784,  0.71297035, -1.40996542, -0.0792879 ,
        1.35916544, -0.49665637, -0.30802883,  0.92261626, -0.47585832,
       -1.76792499,  0.66845093,  0.79087796,  2.03760654,  1.0466102 ,
        1.45110681,  1.20804442,  0.48535291,  0.46150962, -0.33723757,
        1.30830091,  0.28299535, -0.09116937,  1.00752291,  0.3989158 ,
       -1.28896768,  1.2056094 , -0.27818131, -0.27115824, -0.33006588,
        0.21924802,  0.0353012 , -0.55328912,  0.64755351,  0.5167114 ,
       -0.51656838,  0.42121191,  0.02381458,  1.03028629, -5.74081647,
        0.97729117]), array([-0.98691099, -0.0883131 ,  0.40778255,  1.65955713, -0.35993933,
       -0.34029563,  0.28772948, -0.31405432, -1.33363197, -0.13287279,
        0.48666074,  0.95166048,  2.11983468,  0.35663801, -0.53490696,
       -1.75433958, -0.55889028,  0.9789984 , -0.32307585,  0.33807128,
        0.0421369 ,  0.19676752, -1.37329866,  0.85732767, -1.31621866,
       -0.7902786 , -0.30644331,  0.78555477, -0.53489162,  1.70568885,
        0.03088894,  0.8011533 ,  2.06989024,  1.22112186,  1.31706006,
       -1.46949361, -0.0904628 ,  0.44163478,  0.28680558, -1.24635724,
        1.48067556,  0.36878824,  0.55774443,  0.59137345, -0.33174631,
        2.10369591,  1.05308888, -0.30629219, -0.06654198, -7.93907394,
        0.98014703]), array([ 1.03654159e+00, -2.28136686e-01, -3.36722510e+00,  2.27273052e-01,
        7.76493567e-01, -8.17922473e-01,  6.94801120e-01, -1.22192715e+00,
        6.98931367e-01, -2.02532496e-01,  1.67509863e-01,  1.57702327e+00,
        2.96513037e-01,  1.38078869e+00, -2.94343548e+00, -5.44032903e-01,
        1.47157043e-02,  9.22296272e-01, -8.43524863e-01, -4.74650905e-01,
        1.95327690e-03, -5.55275428e-01, -4.95135207e-01,  7.22206492e-01,
        7.84841616e-01,  6.24946289e-01,  3.85062302e-01,  9.47376375e-01,
        5.49431399e-01, -2.47569404e-01, -3.42954179e-01,  1.31274393e+00,
        5.77110885e-01,  4.61503462e-01,  1.45431830e+00,  1.13166241e-01,
        1.04792183e+00,  4.14385863e-01, -7.19108526e-01,  4.01465158e-01,
       -5.34435273e-01,  5.19276103e-01, -2.66540831e-01, -5.21184930e-03,
        6.76397956e-02,  1.42305259e+00,  3.84811550e-01, -1.41909376e+00,
       -1.33711330e-01, -3.62367715e+00,  9.80701241e-01]), array([  0.24564882,   0.69434107,  -0.3007187 ,  -0.269296  ,
        -0.58224872,  -0.49595863,   1.10086595,  -1.08751293,
        -0.45556931,   0.10255598,  -0.76348495,   0.97138132,
        -0.35931448,   0.88527858,   0.253714  ,  -2.27144794,
        -1.70005682,   0.16870964,   0.27299549,   2.47503744,
        -0.67746629,   0.03767471,   0.48455591,   2.68206243,
         0.87087928,  -0.23709806,   2.08767483,  -0.32662453,
        -0.36324547,   0.4561258 ,  -1.35370514,   1.96849923,
         1.1365382 ,  -0.55327047,   1.02961087,  -0.62118959,
        -1.80065454,  -1.3405879 ,   0.91546902,   1.43314045,
        -1.40801604,   1.51643263,   1.57472224,   1.14510223,
         2.32661262,   0.92358336,   0.12889907,  -0.46165424,
         2.12106712, -11.58005753,   0.98933234]), array([ 1.05769302,  0.50431187, -0.84728057,  1.25746864,  1.48941759,
       -0.24726572,  1.20281356, -0.97028024, -0.76386257,  1.6240321 ,
        0.94117184, -0.53921442,  0.68569926, -0.19622134, -0.26334297,
       -2.16241627, -2.00343334, -0.32691589,  1.6741279 , -0.01884571,
        0.65473273, -1.84720426, -0.96434016,  0.74637419, -0.79679726,
        1.24957339,  0.51652975,  0.98618607,  1.99313905, -0.01364036,
        0.95163969,  0.37033244,  0.83090009, -0.00598155,  1.92656308,
        0.23922956, -0.47958786,  0.08690208, -0.62141549,  0.32879226,
       -0.43444555,  1.13243144,  1.35059194,  0.1536335 , -1.5308068 ,
       -0.72819113, -1.36391419, -0.17316408,  0.08697279, -5.7426921 ,
        0.98647767]), array([ 1.11090067, -0.37719085, -0.00978625, -0.74759299, -0.36755607,
        0.60165313, -0.1343425 , -0.54409697, -0.11230247,  0.02329804,
       -0.40055321,  0.15380638, -0.64352705,  0.42208867, -2.44030566,
       -1.12291142, -1.08466576,  1.88403026,  1.6029895 , -1.71484302,
       -0.22011247, -0.5858117 , -0.75742013,  1.12783134,  1.8063721 ,
       -0.09162868,  1.56629663,  1.20542372, -2.09959082, -1.60805206,
        1.08079943,  0.85260461,  0.12316277,  1.65295287,  0.83301162,
       -1.09690177, -0.31266522, -0.62592872,  0.18608351, -0.11488247,
        0.42257678,  1.57641016,  1.04173496,  0.94985676, -1.62822332,
       -0.01491987,  0.08781074, -0.41832957,  1.54605944, -1.58361306,
        0.9799682 ]), array([ 1.11090067, -0.37719085, -0.00978625, -0.74759299, -0.36755607,
        0.60165313, -0.1343425 , -0.54409697, -0.11230247,  0.02329804,
       -0.40055321,  0.15380638, -0.64352705,  0.42208867, -2.44030566,
       -1.12291142, -1.08466576,  1.88403026,  1.6029895 , -1.71484302,
       -0.22011247, -0.5858117 , -0.75742013,  1.12783134,  1.8063721 ,
       -0.09162868,  1.56629663,  1.20542372, -2.09959082, -1.60805206,
        1.08079943,  0.85260461,  0.12316277,  1.65295287,  0.83301162,
       -1.09690177, -0.31266522, -0.62592872,  0.18608351, -0.11488247,
        0.42257678,  1.57641016,  1.04173496,  0.94985676, -1.62822332,
       -0.01491987,  0.08781074, -0.41832957,  1.54605944, -1.58361306,
        0.97633151])]